Data from robot gripper sensors											
Nov-14											
"Data generation: Physical testing and data logging"												
"Hardware: human, Robotiq hand"												
Grasp #	left finger	right finger	middle finger	palm	maxofleft	maxofright	maxofmiddle	maxofpalm
1	25.5	215.5	76	132	76	434	153	502
2	55.5	224.5	85.75	142.7333332	101	376	205	489
3	15	136.5	152.75	7.8666668	32	398	312	76
4	35.25	210.75	155.5	160.5333332	82	405	211	504
5	234.25	136.75	145.25	146	421	368	301	439
6	69.5	156	117.5	176.2666668	169	430	274	437
7	194	101	100.25	208.1333332	385	391	270	436
8	185	245.5	183	1.9333332	383	399	337	12
9	106	250.5	160.5	2.1333332	377	401	297	22
10	204.5	253.75	159	0.7333332	427	403	308	3
11	70	20	53.75	224.8	102	63	108	447
12	14.75	236	189.25	6.1333332	24	416	295	51
13	11.75	127	54.25	133.1333332	14	292	88	454
14	3.75	34.5	50.5	4.4666668	9	82	92	45
15	1.75	17.25	6	0.7333332	5	52	17	2
16	36	2.5	6.25	3.4	142	5	12	34
17	0.75	2	17.75	0.9333332	1	4	54	3
18	157.25	5.75	87.5	0.2	320	11	247	1
19	203.5	1	221	0.4666668	417	2	457	1
20	204.5	3	201.5	0.8666668	424	8	405	2
21	21.75	291.25	108.25	211.8666668	52	452	198	456
22	246	212.75	219.75	149.1333332	472	420	440	433
23	179.75	203.75	153.5	170.0666668	349	472	327	436
24	194.5	194.5	92	169.8	342	497	309	452
25	44.75	0.47125 0.250625	160.8666668	131	452	144	455	
26	264.75	39.25	96	153.2	392	101	320	440
27	232.25	78.25	148.5	225.2666668	368	162	376	440
28	124.25	72	183.75	2.2666668	348	286	433	8
29	117.25	16.25	105.75	0.9333332	330	51	396	3
30	3	36	193	1.4	6	88	440	4
31	41.75	166	66.25	196.6666668	117	501	220	449
32	46.25	121	203.75	158.6	145	268	440	450
33	256.5	49.25	193	169.7333332	481	169	465	459
34	52	123.25	82.5	186.2666668	114	481	309	467
35	33.25	160.25	190	187.1333332	102	438	398	484
36	18.75	132	128.75	49.2666668	65	459	205	384
37	11	203.5	95.75	242.0666668	32	502	330	500
38	15.75	18.25	158.5	1.0666668	29	52	482	2
39	138	198	155	0.6666668	346	429	448	2
40	14	18.25	172	0.7333332	41	50	445	4
41	66.25	185	121.75	164.4666668	99	496	345	497
42	10.25	125.75	146.5	144.6	24	470	347	443
43	4.5	31.5	134.25	163.7333332	10	79	342	446
44	6.25	13.5	237.75	151.8	11	20	492	435
45	15.25	38.5	115	221.8	41	66	342	450
46	6.5	87.25	113.5	162.4	14	194	325	444
47	3.25	21	124.25	179.7333332	6	59	346	440
48	169.75	118	219.25	1.0666668	305	420	441	3
49	96.75	85	218.75	0.5333332	300	265	454	2
50	24	26.75	296.25	0.8666668	55	40	458	3
51	10	142.5	152.25	177.2	31	391	368	457
52	290.5	13.75	216	155.2666668	498	32	435	448
53	25.75	133.5	165	12	65	462	337	106
54	19.5	53.75	156.5	185.7333332	50	142	345	466
55	23.75	122.5	161.75	13.2	83	435	461	142
56	27	279.25	142	172.6666668	66	504	343	446
57	24.75	275	142.25	218.0666668	64	491	310	500
58	119.75	149.25	135.5	1.9333332	399	383	424	10
59	160	185.5	150.5	1	355	463	431	3
60	94.75	124.5	1.75	0.3333332	328	336	4	0
61	22.5	50.75	6.75	5.7333332	61	179	18	50
62	86.25	34.25	5.25	2	336	117	10	12
63	108.75	98.25	25	46.0666668	323	218	76	349
64	87.5	35.5	52.5	10.3333332	322	122	175	68
65	83.25	20.25	69.5	1.1333332	299	72	242	8
66	122.75	128.5	103.75	3.8666668	317	463	337	21
67	138.25	12.25	36.75	51.4	356	28	96	231
68	129.5	141.25	85.5	1.4	369	399	303	5
69	218.25	175.25	145.5	0.9333332	424	349	287	2
70	174.5	305.25	203.75	0.6	430	429	310	1
71	83	192.25	197.75	14.6666668	280	475	369	141
72	213	82.5	99.75	29.1333332	346	190	252	154
73	117.5	219.25	9.5	31.5333332	336	406	17	141
74	188.75	151.5	11	33.4	383	348	19	167
75	181.75	302.25	9.5	43.0666668	362	446	19	325
76	173.25	82.5	32.25	20.0666668	336	212	79	123
77	163	213.5	1.75	33.1333332	322	336	3	262
78	90	255.75	3	18.1333332	321	346	8	131
79	113	200.5	101.25	1.2666668	392	349	333	5
80	94.25	225.25	132	0.6	333	346	305	1
81	11.5	231.25	266.5	0.6666668	36	348	379	2
82	117	27.75	84.5	50.2666668	345	57	318	331
83	164.5	47	103	41.6	324	158	273	257
84	144.25	15	110	48.2666668	365	39	354	332
85	121.75	126	6	3.4666668	330	356	13	31
86	81.75	24	58	39.1333332	295	80	156	271
87	82.75	50.75	29.75	3.0666668	301	116	74	27
88	113.75	40	4.75	11.3333332	320	144	8	58
89	93.5	49.5	42.25	38.6666668	316	151	149	223
90	150	183.75	166.25	0.8666668	357	356	410	2
91	136.25	219.5	272.25	0.4666668	358	347	450	1
92	200.5	270	262	0.6	356	378	458	2
93	147	263.75	151.25	3.2666668	333	353	462	36
94	242.25	17	79	20.8666668	426	25	275	227
95	79	231.25	239	45.3333332	192	475	446	423
96	133.25	239	4.75	31.3333332	354	350	7	303
97	122.75	212.75	2.75	24.3333332	327	406	6	192
98	94.75	172	60.75	24.6666668	325	397	123	176
99	113.5	189	197.5	0.8	374	348	461	2
100	136	197	188	0.6	381	345	455	2
101	52	199.75	266.25	0.4666668	183	344	427	1
102	97.5	106.5	150.75	11.5333332	343	351	364	114
103	105.25	112.75	103.75	39.0666668	372	337	293	351
104	183	204.5	22.25	0.8666668	349	348	60	2
105	167	211	75.25	2.2	343	416	146	22
106	174	223.25	34	3.6666668	336	403	81	24
107	169.25	137.75	14.25	8.0666668	328	338	27	70
108	162.75	17	97.75	57.6666668	329	53	264	457
109	268	222.5	134.5	1.6	381	354	273	11
110	119	241.25	249.75	0.8	387	424	442	2
111	90.75	294.75	180.25	0.8666668	330	456	431	2
112	148.75	237.75	4	47.8	353	349	8	371
113	216	167	89.75	3.5333332	367	350	301	23
114	213	201.5	7.75	40.3333332	473	370	18	380
115	87.5	201	10.5	11.9333332	311	351	32	68
116	103.5	126	48.5	42.2666668	347	387	79	176
117	99.75	231	47.25	41.8	347	344	91	120
118	84.5	142.75	107.75	45.3333332	318	398	263	136
119	125.25	189.25	165.75	1.5333332	440	348	335	7
120	26	347	235.5	0.8	84	435	390	4
121	99	12.75	65.25	36	362	44	127	123
122	90	11.75	204.25	50.9333332	325	36	325	193
123	67.5	39	92.75	129.8666668	234	132	260	467
124	94.25	46.75	60.75	63.2	347	143	161	242
125	89.75	27.25	7.5	73.7333332	349	68	10	304
126	90.5	8.75	72	39.8	346	12	157	218
127	94.25	27.5	102.25	66.3333332	341	60	238	298
128	102.5	217.25	158.25	1.4	352	352	307	6
129	103.75	301	136.75	0.2666668	360	476	277	2
130	95.75	293.75	212.25	0.6	343	451	281	2
131	36	176	36.5	23.5333332	132	394	128	130
132	90.25	266	7.5	57.3333332	355	425	12	298
133	18.75	179.25	253	41.4	32	398	455	292
134	74	214.75	166	12.3333332	230	468	376	108
135	148.25	174.5	112.75	32.9333332	476	377	229	293
136	40.5	174.75	226	27	97	383	383	265
137	136	220.25	67.25	1.8666668	386	481	94	11
138	186.25	237.25	174.5	1	366	443	467	4
139	18.5	7	85.5	0.7333332	61	14	254	2
140	9	199.5	65.25	0.6666668	27	389	230	1
141	5.5	37.75	12	1.4666668	11	145	31	10
142	26.5	16	6	14.4666668	95	30	15	96
143	30	52	1.75	31.0666668	116	204	4	235
144	8	7.75	10.5	0.8	20	23	30	3
145	3.75	14.75	12	0.8	7	49	22	2
146	80	16	97.75	1.4	304	31	286	13
147	1.25	1.5	0.75	1.6	2	4	1	16
148	98.5	1.5	249	0.5333332	354	3	448	2
149	59.75	1	305.75	0.4	204	4	460	1
150	2.5	106.5	56.5	2.9333332	7	381	157	19
151	1.25	104.25	7	9.2	4	382	13	58
152	10.5	178.5	5.25	22.2	32	432	10	252
153	1	176	4	8.6	3	391	6	45
154	3.25	186.75	3	3.6	9	408	6	12
155	41.5	152.5	4	27.7333332	146	407	7	251
156	4.75	149.75	4	5.5333332	14	375	7	18
157	14.5	203.25	216.75	1.0666668	34	350	412	6
158	5.5	238	176.75	0.8	19	357	266	2
159	27.25	268	251.75	0.8666668	92	365	429	2
160	0.25	105	3.25	7.2	1	382	4	26
161	103.5	32.75	3	46.9333332	346	70	4	257
162	2.5	113.5	3.25	16.5333332	5	388	6	60
163	1	222.5	4.75	14	4	464	9	75
164	1.25	202.25	5	24.2	2	438	11	167
165	3.75	181.75	4.75	14.5333332	6	365	9	52
166	1.25	138	185.75	6.0666668	2	356	312	34
167	8	243.75	236.5	0.2666668	20	362	467	2
168	15.25	238.75	205.25	0.4666668	29	377	367	2
169	8	243.75	236.5	0.2666668	20	362	467	2
170	24	235.75	243.75	0.6666668	60	360	407	2
171	1.25	183.5	4.75	21.9333332	2	387	9	99
172	1.25	187	183.25	7.8666668	2	454	282	64
173	0.5	196.5	5.25	26.0666668	1	435	6	202
174	0.5	0.5	0.75	2.4	1	1	1	14
175	0.5	0.75	0.5	1.8666668	1	1	2	16
176	1	159	5.75	24	3	340	9	84
177	0.75	192.25	15	21.2	2	414	29	192
178	0.75	302.5	17	0.7333332	1	479	44	2
179	79.5	303.5	214.5	0.5333332	233	488	409	1
180	10	311.25	19.75	0.6666668	36	508	52	2
181	1.25	102.75	3.5	16.5333332	4	348	7	99
182	1.25	194.25	12	23.0666668	3	407	36	114
183	2	170.75	4.5	20	5	340	7	76
184	1.75	186	5.75	24.4	5	374	11	100
185	3.75	84.25	1.5	16.6	11	295	5	82
186	1.5	103.25	6	23.2	3	389	11	140
187	86	214.25	226.25	0.7333332	311	369	448	2
188	9	197	160.5	0.5333332	26	360	399	1
189	101.75	211.75	172.25	0.5333332	346	362	448	2
190	7.25	198.5	7.5	3.8	25	369	17	21
191	11.25	12.25	1.75	13	32	17	4	136
192	17.75	14.5	344	1.2666668	48	30	442	5
193	18.5	9.5	17.5	4.2666668	50	25	60	18
194	29.5	6	4.25	10.0666668	83	14	9	68
195	22.25	20.5	220	0.8	38	67	443	5
196	30.75	15.75	343	1.3333332	73	51	441	4
197	86.25	168.75	335.5	0.6	341	393	427	2
198	25.25	161	343.75	0.7333332	72	466	460	2
199	4.5	144.75	347.5	0.5333332	9	448	446	2
200	1.75	118.5	2.5	17.4666668	5	417	7	85
201	1.5	130.75	2.75	22.6	4	382	4	123
202	0.75	191.5	3	25.7333332	1	394	8	138
203	1.25	186.25	3.75	22.8666668	3	363	7	103
204	1.25	184	4.75	31.2	2	383	9	160
205	1	186.75	2.25	31.2	3	390	4	168
206	1.75	192.25	4.25	25.2666668	4	388	8	89
207	23.75	202	200	0.8666668	50	361	382	4
208	34.25	223.5	223	0.4	96	363	300	1
209	29.75	2.75	121.5	0.4666668	63	7	313	2
210	1.75	104.75	4	21.2	4	392	8	158
211	25.75	67.75	4.25	39.2666668	76	220	8	325
212	5	131.5	2.25	13.6	16	376	4	127
213	0.5	172.5	1.25	20.3333332	2	395	2	133
214	0.5	151.25	2.25	12.3333332	1	370	5	76
215	0.75	132	4.25	12	3	369	6	59
216	0.5	124.5	4.25	12.1333332	1	346	7	53
217	83.5	194.75	88.5	1.1333332	302	356	246	3
218	5.25	219.5	224	0.8	8	354	347	2
219	148.5	230.25	169.25	0.7333332	294	360	304	2
220	6.75	127.25	5	11.0666668	16	333	16	65
221	3.25	108.75	2	17.6666668	10	368	4	103
222	15	112.5	4.75	33.4	39	356	7	417
223	2.5	143.75	3	9.8666668	7	382	5	65
224	135.5	5	3.5	53.5333332	293	10	6	288
225	101	17.75	3	42.4	291	28	6	285
226	10.75	105.25	2.25	7.7333332	16	397	4	29
227	12.25	138.75	2.25	12.4	24	392	5	120
228	17.25	211.75	102.25	1	51	352	223	3
229	117.5	227.5	182	0.4666668	285	358	326	2
230	22	15.5	183.5	1.4666668	49	30	375	5
231	74.25	12.25	318.25	1.3333332	275	31	362	4
232	9.75	8.25	19.25	17.7333332	22	14	38	199
233	0.75	1.25	2.75	0.6	2	2	9	2
234	3.75	1.25	1.5	1.6666668	8	4	4	8
235	0.75	1.25	2.75	0.6	2	2	9	2
236	3	1.5	0.25	0.8	6	2	1	4
237	4.75	4.25	3	0.7333332	14	11	7	2
238	87.75	0	20.5	0.4	296	0	35	1
239	10	0.5	109.75	0.4	29	1	232	2
240	14	0.25	5	0.5333332	28	1	16	2
241	0.25	0.25	0.25	0.6	1	1	1	1
242	4.25	3.25	0.5	4.8	12	6	2	55
243	9.5	3.25	0.25	1.1333332	18	8	1	10
244	8.25	7.5	0.75	1.4	24	14	2	9
245	4	2.75	0.25	2.4666668	9	8	1	21
246	10.5	14	0.25	0.8666668	18	38	1	8
247	7.75	2	0.25	0.6666668	21	6	1	2
248	36.75	1.5	14.75	0.4	86	4	47	1
249	26.5	6.5	167	0.4	57	24	319	2
250	117	27.75	84.5	50.2666668	345	57	318	331
251	164.5	47	103	41.6	324	158	273	257
252	144.25	15	110	48.2666668	365	39	354	332
253	121.75	126	6	3.4666668	330	356	13	31
254	81.75	24	58	39.1333332	295	80	156	271
255	82.75	50.75	29.75	3.0666668	301	116	74	27
256	113.75	40	4.75	11.3333332	320	144	8	58
257	93.5	49.5	42.25	38.6666668	316	151	149	223
258	150	183.75	166.25	0.8666668	357	356	410	2
259	136.25	219.5	272.25	0.4666668	358	347	450	1
260	200.5	270	262	0.6	356	378	458	2
261	0.25	0.25	0.25	0.6	1	1	1	1
262	4.25	3.25	0.5	4.8	12	6	2	55
263	193.5	33.25	189.25	194.5333332	400	80	327	473
264	23.25	11	168	133.8	46	29	339	487
265	203.75	44.75	224.5	150.4666668	398	142	323	418
266	90.25	55.25	220.75	95.6	277	157	352	405
267	206.25	31.75	168.75	130.6	410	68	333	404
268	41.5	26	178	184.4666668	97	59	328	434
269	181.25	70.75	179.25	100.8	360	163	343	360
270	161	25.25	203	148.6	350	59	335	474
271	348.5	7.5	11.25	3.6666668	415	18	17	17
272	372.5	2.75	13.25	2.8666668	424	6	39	14
273	380	31.75	18.5	2.8666668	450	94	51	9
274	223	192.5	194.5	164.6666668	375	424	360	403
275	130.75	136.75	176.75	162.3333332	376	348	343	409
276	287.75	210	191	135.7333332	409	447	338	425
277	293.5	212.75	187.5	153.1333332	404	442	342	460
278	311.25	246.25	225	113.5333332	458	432	379	484
279	192	88.75	211	149	362	185	394	487
280	294.75	186.75	220	126	484	421	410	491
281	390.25	76.75	24.5	30.7333332	422	276	54	408
282	419.75	27	3.25	1.6666668	456	48	4	9
283	419.75	27	3.25	1.6666668	456	48	4	9
284	212.25	54.5	244.75	176.2	446	164	417	476
285	180	34.25	7.5	116.3333332	348	90	21	451
286	34	37.25	210.5	183	132	98	413	461
287	16.75	63.5	200.5	189.6666668	47	158	379	467
288	2.25	5	6	7.8	5	14	20	33
289	169.75	42.25	207.75	191.2	338	80	391	465
290	183.5	42.75	216.5	185.8	369	110	387	487
291	85.25	41.5	219.75	186.0666668	255	105	394	488
292	386	27.25	13	22.6	478	61	34	156
293	380.25	296.5	12.5	5.4	472	456	26	33
294	382.75	167.75	69.5	2.5333332	481	324	203	11
295	165.75	16.75	301.5	234.6666668	353	34	409	481
296	171.5	11	251.25	239.8666668	373	29	428	448
297	118	8.25	212.5	245.2666668	342	24	389	479
298	165.75	16.75	182	236.1333332	338	45	336	472
299	166.75	15.5	185.75	190.4666668	332	47	342	483
300	146.75	16	167.25	225.1333332	317	58	336	481
301	25.5	215.5	76	132	76	434	153	502
302	55.5	224.5	85.75	142.7333332	101	376	205	489
303	15	136.5	152.75	7.8666668	32	398	312	76
304	35.25	210.75	155.5	160.5333332	82	405	211	504
305	234.25	136.75	145.25	146	421	368	301	439
306	69.5	156	117.5	176.2666668	169	430	274	437
307	194	101	100.25	208.1333332	385	391	270	436
308	185	245.5	183	1.9333332	383	399	337	12
309	106	250.5	160.5	2.1333332	377	401	297	22
310	204.5	253.75	159	0.7333332	427	403	308	3
311	70	20	53.75	224.8	102	63	108	447
312	14.75	236	189.25	6.1333332	24	416	295	51
313	11.75	127	54.25	133.1333332	14	292	88	454
314	3.75	34.5	50.5	4.4666668	9	82	92	45
315	1.75	17.25	6	0.7333332	5	52	17	2
316	36	2.5	6.25	3.4	142	5	12	34
317	0.75	2	17.75	0.9333332	1	4	54	3
318	157.25	5.75	87.5	0.2	320	11	247	1
319	203.5	1	221	0.4666668	417	2	457	1
320	204.5	3	201.5	0.8666668	424	8	405	2
321	21.75	291.25	108.25	211.8666668	52	452	198	456
322	246	212.75	219.75	149.1333332	472	420	440	433
323	179.75	203.75	153.5	170.0666668	349	472	327	436
324	194.5	194.5	92	169.8	342	497	309	452
325	44.75	0.47125 0.250625	160.8666668	131	452	144	455	
326	264.75	39.25	96	153.2	392	101	320	440
327	232.25	78.25	148.5	225.2666668	368	162	376	440
328	124.25	72	183.75	2.2666668	348	286	433	8
329	117.25	16.25	105.75	0.9333332	330	51	396	3
330	3	36	193	1.4	6	88	440	4
331	41.75	166	66.25	196.6666668	117	501	220	449
332	46.25	121	203.75	158.6	145	268	440	450
333	256.5	49.25	193	169.7333332	481	169	465	459
334	52	123.25	82.5	186.2666668	114	481	309	467
335	33.25	160.25	190	187.1333332	102	438	398	484
336	18.75	132	128.75	49.2666668	65	459	205	384
337	11	203.5	95.75	242.0666668	32	502	330	500
338	15.75	18.25	158.5	1.0666668	29	52	482	2
339	138	198	155	0.6666668	346	429	448	2
340	14	18.25	172	0.7333332	41	50	445	4
341	66.25	185	121.75	164.4666668	99	496	345	497
342	10.25	125.75	146.5	144.6	24	470	347	443
343	4.5	31.5	134.25	163.7333332	10	79	342	446
344	6.25	13.5	237.75	151.8	11	20	492	435
345	15.25	38.5	115	221.8	41	66	342	450
346	6.5	87.25	113.5	162.4	14	194	325	444
347	3.25	21	124.25	179.7333332	6	59	346	440
348	169.75	118	219.25	1.0666668	305	420	441	3
349	96.75	85	218.75	0.5333332	300	265	454	2
350	24	26.75	296.25	0.8666668	55	40	458	3
351	10	142.5	152.25	177.2	31	391	368	457
352	290.5	13.75	216	155.2666668	498	32	435	448
353	25.75	133.5	165	12	65	462	337	106
354	19.5	53.75	156.5	185.7333332	50	142	345	466
355	23.75	122.5	161.75	13.2	83	435	461	142
356	27	279.25	142	172.6666668	66	504	343	446
357	24.75	275	142.25	218.0666668	64	491	310	500
358	119.75	149.25	135.5	1.9333332	399	383	424	10
359	160	185.5	150.5	1	355	463	431	3
360	94.75	124.5	1.75	0.3333332	328	336	4	0
361	193.5	33.25	189.25	194.5333332	400	80	327	473
362	23.25	11	168	133.8	46	29	339	487
363	203.75	44.75	224.5	150.4666668	398	142	323	418
364	90.25	55.25	220.75	95.6	277	157	352	405
365	206.25	31.75	168.75	130.6	410	68	333	404
366	41.5	26	178	184.4666668	97	59	328	434
367	181.25	70.75	179.25	100.8	360	163	343	360
368	161	25.25	203	148.6	350	59	335	474
369	348.5	7.5	11.25	3.6666668	415	18	17	17
370	372.5	2.75	13.25	2.8666668	424	6	39	14
371	380	31.75	18.5	2.8666668	450	94	51	9
372	223	192.5	194.5	164.6666668	375	424	360	403
373	130.75	136.75	176.75	162.3333332	376	348	343	409
374	287.75	210	191	135.7333332	409	447	338	425
375	293.5	212.75	187.5	153.1333332	404	442	342	460
376	311.25	246.25	225	113.5333332	458	432	379	484
377	192	88.75	211	149	362	185	394	487
378	294.75	186.75	220	126	484	421	410	491
379	390.25	76.75	24.5	30.7333332	422	276	54	408
380	419.75	27	3.25	1.6666668	456	48	4	9
381	419.75	27	3.25	1.6666668	456	48	4	9
382	212.25	54.5	244.75	176.2	446	164	417	476
383	180	34.25	7.5	116.3333332	348	90	21	451
384	34	37.25	210.5	183	132	98	413	461
385	16.75	63.5	200.5	189.6666668	47	158	379	467
386	2.25	5	6	7.8	5	14	20	33
387	169.75	42.25	207.75	191.2	338	80	391	465
388	183.5	42.75	216.5	185.8	369	110	387	487
389	85.25	41.5	219.75	186.0666668	255	105	394	488
390	386	27.25	13	22.6	478	61	34	156
391	380.25	296.5	12.5	5.4	472	456	26	33
392	382.75	167.75	69.5	2.5333332	481	324	203	11
393	165.75	16.75	301.5	234.6666668	353	34	409	481
394	171.5	11	251.25	239.8666668	373	29	428	448
395	118	8.25	212.5	245.2666668	342	24	389	479
396	165.75	16.75	182	236.1333332	338	45	336	472
397	166.75	15.5	185.75	190.4666668	332	47	342	483
398	146.75	16	167.25	225.1333332	317	58	336	481
399	146.5	17.25	160.25	258.6	299	55	329	487
400	44	17.75	184	249.8	135	58	335	480
401	364.75	31.5	51.25	5.6	472	72	74	28
402	359	8.5	2.25	47.4	478	20	4	331
403	358	4.75	28.75	8.5333332	476	15	54	32
404	0.75	2.75	0.5	0.7333332	1	10	1	2
405	162	48.75	176	165.6	328	113	303	476
406	273.75	20.5	283.75	86.2666668	471	52	362	449
407	145	27.75	163.5	155.4	302	80	316	474
408	130.5	35	212	168.3333332	241	92	407	456
409	200.75	25.25	264.5	130	371	71	355	489
410	200.5	25.75	223.25	150.3333332	365	88	372	428
411	102.5	48.25	210.75	167.1333332	306	152	418	419
412	353.25	47.25	11.75	26.7333332	395	97	17	202
413	362.5	150.75	8.25	39.3333332	429	371	18	418
414	392	117.25	50.25	47.0666668	474	372	125	450
415	255.75	92.5	212.5	106.2	475	192	412	480
416	267.75	36	205.5	100.2666668	421	88	400	386
417	112	65.75	234	140.8	299	144	439	489
418	156.5	28.75	237.5	144.0666668	368	95	455	458
419	155.25	38.25	237.75	146.4666668	330	84	439	456
420	189.5	16	254.25	151.3333332	345	43	355	467
421	164.75	31.75	193.5	151.3333332	362	82	330	454
422	315	79.75	21	37.5333332	383	144	31	417
423	361.75	133.5	12.75	14.6	406	374	44	162
424	404.5	76.5	4.5	41.6	460	171	6	328
425	191.25	55.25	120	121.6	381	120	324	485
426	180.5	77	188.5	107.9333332	383	226	388	477
427	199.25	63.5	224	110.8	379	202	448	472
428	185.25	40	285	203	403	90	435	442
429	163.5	36	251.75	191.6	398	111	341	429
430	148	15	222.25	200.6666668	409	27	346	428
431	199	29.25	283.5	177.9333332	394	80	424	435
432	382.75	13.75	14.25	3.8666668	470	30	30	8
433	407.75	40.5	104.5	7	484	130	361	35
434	422.75	31.5	11.75	5	478	58	27	23
435	233.5	29.75	190.75	120.8666668	429	89	438	485
436	225	32.25	289.75	197.5333332	440	68	380	437
437	214.5	36.5	194	182.6	428	98	368	446
438	210	22	297	214.7333332	439	60	397	457
439	207.75	13.75	274.5	250.5333332	437	20	387	454
440	192.75	27	252.25	244.7333332	424	63	430	458
441	200.25	32.75	263.25	242	439	75	442	463
442	207	24.5	276	202.0666668	426	62	419	431
443	207	24.5	276	202.0666668	426	62	419	431
444	359.75	7.5	9.25	1.7333332	420	11	25	9
445	1.5	22.5	18.5	4.0666668	2	37	61	27
446	121.75	9	13.75	14.7333332	295	23	19	48
447	33.5	252	51.75	76.4666668	49	415	100	290
448	135.75	171.25	194	112.5333332	272	377	315	484
449	246.75	126.25	193.25	111	494	295	328	484
450	179	42	218.5	119.9333332	354	110	362	418
451	192.5	80.25	213	136.8666668	366	239	343	455
452	182.25	65.25	211.75	143	373	194	356	458
453	179.75	66.5	230	143.7333332	367	190	407	458
454	1.25	11.25	2.75	7.6	3	26	6	73
455	1	2.75	33	1	1	5	123	4
456	208.25	57.5	227.25	209	410	144	341	473
457	215.5	22.5	260.25	192	414	81	376	445
458	198	43	271.75	233.7333332	363	106	435	451
459	191.75	51.5	273.5	254.6666668	366	164	432	450
460	197.75	39.5	245.5	262.3333332	391	105	370	452
461	52	199.75	266.25	0.4666668	183	344	427	1
462	97.5	106.5	150.75	11.5333332	343	351	364	114
463	105.25	112.75	103.75	39.0666668	372	337	293	351
464	183	204.5	22.25	0.8666668	349	348	60	2
465	167	211	75.25	2.2	343	416	146	22
466	174	223.25	34	3.6666668	336	403	81	24
467	169.25	137.75	14.25	8.0666668	328	338	27	70
468	162.75	17	97.75	57.6666668	329	53	264	457
469	268	222.5	134.5	1.6	381	354	273	11
470	119	241.25	249.75	0.8	387	424	442	2
471	90.75	294.75	180.25	0.8666668	330	456	431	2
472	148.75	237.75	4	47.8	353	349	8	371
473	216	167	89.75	3.5333332	367	350	301	23
474	213	201.5	7.75	40.3333332	473	370	18	380
475	87.5	201	10.5	11.9333332	311	351	32	68
476	103.5	126	48.5	42.2666668	347	387	79	176
477	99.75	231	47.25	41.8	347	344	91	120
478	84.5	142.75	107.75	45.3333332	318	398	263	136
479	125.25	189.25	165.75	1.5333332	440	348	335	7
480	26	347	235.5	0.8	84	435	390	4
481	99	12.75	65.25	36	362	44	127	123
482	90	11.75	204.25	50.9333332	325	36	325	193
483	67.5	39	92.75	129.8666668	234	132	260	467
484	94.25	46.75	60.75	63.2	347	143	161	242
485	89.75	27.25	7.5	73.7333332	349	68	10	304
486	90.5	8.75	72	39.8	346	12	157	218
487	94.25	27.5	102.25	66.3333332	341	60	238	298
488	102.5	217.25	158.25	1.4	352	352	307	6
489	103.75	301	136.75	0.2666668	360	476	277	2
490	95.75	293.75	212.25	0.6	343	451	281	2
491	22.5	50.75	6.75	5.7333332	61	179	18	50
492	86.25	34.25	5.25	2	336	117	10	12
493	108.75	98.25	25	46.0666668	323	218	76	349
494	87.5	35.5	52.5	10.3333332	322	122	175	68
495	83.25	20.25	69.5	1.1333332	299	72	242	8
496	122.75	128.5	103.75	3.8666668	317	463	337	21
497	138.25	12.25	36.75	51.4	356	28	96	231
498	129.5	141.25	85.5	1.4	369	399	303	5
499	218.25	175.25	145.5	0.9333332	424	349	287	2
500	174.5	305.25	203.75	0.6	430	429	310	1
501	83	192.25	197.75	14.6666668	280	475	369	141
502	213	82.5	99.75	29.1333332	346	190	252	154
503	117.5	219.25	9.5	31.5333332	336	406	17	141
504	188.75	151.5	11	33.4	383	348	19	167
505	181.75	302.25	9.5	43.0666668	362	446	19	325
506	173.25	82.5	32.25	20.0666668	336	212	79	123
507	163	213.5	1.75	33.1333332	322	336	3	262
508	90	255.75	3	18.1333332	321	346	8	131
509	113	200.5	101.25	1.2666668	392	349	333	5
510	94.25	225.25	132	0.6	333	346	305	1
511	11.5	231.25	266.5	0.6666668	36	348	379	2
512	117	27.75	84.5	50.2666668	345	57	318	331
513	164.5	47	103	41.6	324	158	273	257
514	144.25	15	110	48.2666668	365	39	354	332
515	121.75	126	6	3.4666668	330	356	13	31
516	81.75	24	58	39.1333332	295	80	156	271
517	82.75	50.75	29.75	3.0666668	301	116	74	27
518	113.75	40	4.75	11.3333332	320	144	8	58
519	93.5	49.5	42.25	38.6666668	316	151	149	223
520	150	183.75	166.25	0.8666668	357	356	410	2
521	136.25	219.5	272.25	0.4666668	358	347	450	1
522	200.5	270	262	0.6	356	378	458	2
523	147	263.75	151.25	3.2666668	333	353	462	36
524	242.25	17	79	20.8666668	426	25	275	227
525	79	231.25	239	45.3333332	192	475	446	423
526	133.25	239	4.75	31.3333332	354	350	7	303
527	122.75	212.75	2.75	24.3333332	327	406	6	192
528	94.75	172	60.75	24.6666668	325	397	123	176
529	113.5	189	197.5	0.8	374	348	461	2
530	136	197	188	0.6	381	345	455	2
531	70	20	53.75	224.8	102	63	108	447
532	14.75	236	189.25	6.1333332	24	416	295	51
533	11.75	127	54.25	133.1333332	14	292	88	454
534	3.75	34.5	50.5	4.4666668	9	82	92	45
535	1.75	17.25	6	0.7333332	5	52	17	2
536	36	2.5	6.25	3.4	142	5	12	34
537	0.75	2	17.75	0.9333332	1	4	54	3
538	157.25	5.75	87.5	0.2	320	11	247	1
539	203.5	1	221	0.4666668	417	2	457	1
540	204.5	3	201.5	0.8666668	424	8	405	2
541	21.75	291.25	108.25	211.8666668	52	452	198	456
542	246	212.75	219.75	149.1333332	472	420	440	433
543	179.75	203.75	153.5	170.0666668	349	472	327	436
544	194.5	194.5	92	169.8	342	497	309	452
545	44.75	0.47125 0.250625	160.8666668	131	452	144	455	
546	264.75	39.25	96	153.2	392	101	320	440
547	232.25	78.25	148.5	225.2666668	368	162	376	440
548	124.25	72	183.75	2.2666668	348	286	433	8
549	117.25	16.25	105.75	0.9333332	330	51	396	3
550	3	36	193	1.4	6	88	440	4
551	41.75	166	66.25	196.6666668	117	501	220	449
552	46.25	121	203.75	158.6	145	268	440	450
553	256.5	49.25	193	169.7333332	481	169	465	459
554	52	123.25	82.5	186.2666668	114	481	309	467
555	33.25	160.25	190	187.1333332	102	438	398	484
556	18.75	132	128.75	49.2666668	65	459	205	384
557	11	203.5	95.75	242.0666668	32	502	330	500
558	15.75	18.25	158.5	1.0666668	29	52	482	2
559	138	198	155	0.6666668	346	429	448	2
560	14	18.25	172	0.7333332	41	50	445	4
561	66.25	185	121.75	164.4666668	99	496	345	497
562	10.25	125.75	146.5	144.6	24	470	347	443
563	4.5	31.5	134.25	163.7333332	10	79	342	446
564	6.25	13.5	237.75	151.8	11	20	492	435
565	15.25	38.5	115	221.8	41	66	342	450
566	6.5	87.25	113.5	162.4	14	194	325	444
567	3.25	21	124.25	179.7333332	6	59	346	440
568	169.75	118	219.25	1.0666668	305	420	441	3
569	96.75	85	218.75	0.5333332	300	265	454	2
570	24	26.75	296.25	0.8666668	55	40	458	3
571	10	142.5	152.25	177.2	31	391	368	457
572	290.5	13.75	216	155.2666668	498	32	435	448
573	25.75	133.5	165	12	65	462	337	106
574	19.5	53.75	156.5	185.7333332	50	142	345	466
575	23.75	122.5	161.75	13.2	83	435	461	142
576	27	279.25	142	172.6666668	66	504	343	446
577	24.75	275	142.25	218.0666668	64	491	310	500
578	119.75	149.25	135.5	1.9333332	399	383	424	10
579	160	185.5	150.5	1	355	463	431	3
580	94.75	124.5	1.75	0.3333332	328	336	4	0
581	22.5	50.75	6.75	5.7333332	61	179	18	50
582	86.25	34.25	5.25	2	336	117	10	12
583	108.75	98.25	25	46.0666668	323	218	76	349
584	87.5	35.5	52.5	10.3333332	322	122	175	68
585	83.25	20.25	69.5	1.1333332	299	72	242	8
586	122.75	128.5	103.75	3.8666668	317	463	337	21
587	138.25	12.25	36.75	51.4	356	28	96	231
588	129.5	141.25	85.5	1.4	369	399	303	5
589	218.25	175.25	145.5	0.9333332	424	349	287	2
590	174.5	305.25	203.75	0.6	430	429	310	1
591	83	192.25	197.75	14.6666668	280	475	369	141
592	213	82.5	99.75	29.1333332	346	190	252	154
593	117.5	219.25	9.5	31.5333332	336	406	17	141
594	188.75	151.5	11	33.4	383	348	19	167
595	181.75	302.25	9.5	43.0666668	362	446	19	325
596	173.25	82.5	32.25	20.0666668	336	212	79	123
597	163	213.5	1.75	33.1333332	322	336	3	262
598	90	255.75	3	18.1333332	321	346	8	131
599	113	200.5	101.25	1.2666668	392	349	333	5
600	94.25	225.25	132	0.6	333	346	305	1
601	192.25	170.25	206.75	179.8	371	425	364	422
602	192	147.5	218.75	116.8666668	375	438	354	480
603	203.5	244.25	213	149.3333332	399	491	365	465
604	198.75	230	225.5	139.2	377	493	352	500
605	202.75	208.5	201.5	169.2	386	491	331	438
606	197.75	197.75	210.5	170.5333332	374	463	341	452
607	197.5	158	204.75	194.6666668	374	424	335	437
608	121.75	153	96.75	4	376	436	269	31
609	232.5	284.75	262.5	1.1333332	428	357	402	3
610	356.5	201.5	205.75	0.7333332	439	336	345	2
611	196.75	145.5	228	123.0666668	382	410	369	486
612	236.75	164.75	210.5	124.8	401	473	334	476
613	239.75	157	225.75	141.5333332	374	465	335	395
614	245.75	163.25	205.5	139.9333332	410	464	336	502
615	230.75	141.25	206.75	188.2666668	375	483	336	462
616	231.5	162.5	227.5	175.4	359	451	353	350
617	233.75	147.25	203.25	176.8	397	494	345	464
618	285.25	124.5	161.75	5.8	392	431	341	39
619	337.25	108.5	169.25	3.4666668	389	375	339	28
620	205.5	197.25	204.25	0.7333332	411	431	387	7
621	170	147.75	213.25	114.6	376	450	338	499
622	235.25	162.5	219.5	117.4	394	427	326	501
623	238	181	213.75	130.5333332	420	504	324	496
624	226.25	174.25	221.5	184.4666668	398	489	330	390
625	220.25	185.5	211	115.2666668	406	504	326	497
626	212.5	175.5	215.5	131.7333332	400	497	329	467
627	210.75	182.25	212.5	123	407	498	329	484
628	267.5	194	226.5	7.0666668	394	492	331	73
629	194.25	205.75	183.75	1.2	386	434	376	4
630	148.75	134.5	85.75	0.7333332	330	479	265	2
631	168.5	158	208.75	118.2666668	378	470	326	451
632	212	176.5	221	154	395	504	329	482
633	210.75	178.25	215.5	172.1333332	411	503	327	488
634	208.75	176.5	211.25	148.0666668	408	492	329	501
635	204.25	177	211	114.2666668	402	482	331	494
636	207.5	174.25	212.25	129.4666668	414	480	330	488
637	205.5	171	213.5	126.8666668	410	473	332	468
638	203.5	147.5	138.5	0.8	411	482	286	3
639	27.75	85	22.25	8.6	60	251	49	32
640	299.5	139.25	166.25	2.1333332	407	286	301	12
641	183.75	129.5	206.75	174.5333332	381	479	333	442
642	201.25	162	196.75	178.5333332	380	501	331	440
643	181	150.25	194	118.9333332	357	471	338	349
644	195	153.75	182	116.0666668	393	481	329	334
645	194	158	206.25	105.3333332	389	498	328	324
646	196.25	170	211.75	109	404	456	331	450
647	198	138	155	146.1333332	416	500	331	466
648	202.75	167	197.75	97.8666668	431	449	330	468
649	186.75	144.75	98.75	1.4	362	486	277	6
650	188.5	149.25	160.25	0.8666668	357	441	337	5
651	202	141	89.25	0.8	422	433	265	2
652	188	150.5	187.5	82.8666668	375	467	321	496
653	183.25	173	219.5	124.9333332	364	503	333	454
654	200.5	141.75	163.75	155	401	486	333	422
655	198.75	161	193.25	175.8	402	498	333	485
656	173.5	156.75	196.25	194.7333332	344	488	347	463
657	173	154.5	200.25	187	346	499	347	450
658	173.75	159.5	197	194.2666668	349	506	350	419
659	235.75	301.75	224	3.6666668	453	502	359	26
660	330.75	206.75	254.25	1.6	389	414	330	6
661	374.5	280.25	327.5	0.4666668	461	473	360	2
662	124.5	139.25	211.75	126.4	381	423	330	401
663	198.75	178	213	106.6	397	506	357	487
664	189.25	167	205	111.2	375	481	340	496
665	186.75	175.25	220	164.0666668	376	483	342	397
666	208	181.25	207	122.6666668	437	482	341	488
667	190.75	153.25	205.75	175.7333332	384	468	340	447
668	192.5	168.5	208.5	200.5333332	389	496	342	437
669	262.25	201.75	210.75	1.9333332	399	476	345	6
670	181	131.25	125	1.2666668	381	396	291	5
671	201.25	129	91	1.5333332	425	412	262	9
672	169.25	159.5	217	151.1333332	369	437	370	419
673	200.5	152.75	227.25	188.2666668	409	496	344	443
674	209	128.25	210.75	186.5333332	379	499	339	460
675	186.75	168	194.5	112.1333332	372	498	341	491
676	178	151.25	173.5	148.2	357	493	347	440
677	314.5	123	216.75	159.4	426	472	339	422
678	188	165.5	196	105.1333332	372	492	340	472
679	185.5	138.75	112.25	2.9333332	361	479	261	18
680	196	136	146.25	1.0666668	373	441	294	3
681	203.25	120.25	84	1.1333332	414	431	243	4
682	194.25	169.5	200.5	107.8	403	480	339	468
683	195.5	174.25	217.75	157.9333332	394	466	339	482
684	267	132.5	223.5	138.2	405	457	337	437
685	280	134.5	221.75	147.5333332	383	498	339	377
686	278.25	135.25	224	140.1333332	393	506	339	381
687	196.75	136.5	182	30.9333332	391	503	339	227
688	181.5	137	190.25	197.2	370	493	342	429
689	174.5	166.5	202.5	201.6	368	488	351	437
690	96	147.25	86.5	4.6666668	328	493	264	45
691	193.5	149.75	101.5	1.7333332	369	489	255	9
692	123.75	107.5	97	1.1333332	360	322	259	4
693	183.75	145.75	201.75	115.3333332	375	419	345	492
694	175.25	159.5	215.25	166.7333332	349	496	343	387
695	203.5	162.25	215.75	192.6	423	500	343	412
696	200.25	158	217	182.4	421	491	342	439
697	208	161	209.75	160.5333332	441	486	341	477
698	280.5	141.5	171	2.4666668	414	477	346	15
699	247.75	133.25	163.5	1	367	378	345	4
700	237.5	116.25	164.75	0.6666668	390	370	357	2
